65,101,175,176,178,197,282,301,623,803,806,1018,1019,1020,1021,1022,1023,1024,1025,1026,
39,48,237,1027,
38,84,107,108,110,133,237,249,493,589,604,675,1028,1029,1030,1031,1032,1033,1034,1035,1036,1037,1038,1039,1040,1041,1042,1043,
32,1044,1045,1046,
39,45,48,200,259,282,359,365,396,577,589,593,751,1047,1048,1049,1050,1051,
32,868,1052,1053,1054,
39,41,48,348,352,454,533,693,754,1055,1056,1057,
38,39,249,371,740,
48,571,681,803,967,970,1031,1058,1059,1060,1061,1062,
359,1063,
32,38,48,170,186,365,413,475,548,636,1064,1065,1066,1067,1068,1069,1070,
39,1071,1072,1073,1074,1075,
48,77,101,242,571,616,822,1076,1077,1078,1079,1080,1081,1082,1083,1084,1085,1086,1087,1088,1089,
39,48,255,493,1090,
38,39,48,328,504,984,1091,
48,260,665,
39,41,48,956,1031,1092,1093,1094,
32,
38,170,885,1095,
433,1096,
31,846,1097,1098,1099,1100,1101,1102,1103,
39,48,828,1104,1105,1106,1107,1108,1109,1110,1111,
38,39,48,170,
38,39,41,390,1112,1113,1114,1115,
38,39,41,72,105,208,346,535,1116,1117,1118,1119,1120,1121,1122,1123,1124,1125,1126,1127,1128,
39,41,48,75,1000,1129,1130,
32,612,976,1013,1131,1132,1133,1134,1135,1136,1137,1138,
39,249,1139,1140,1141,1142,1143,1144,
0,39,48,
38,370,
39,48,155,721,766,1062,1145,
32,38,39,41,48,63,110,548,1146,1147,
36,38,39,41,48,55,332,441,561,740,796,797,809,885,910,956,1148,1149,1150,1151,1152,1153,1154,1155,1156,1157,1158,
36,38,48,255,859,1159,1160,1161,
39,48,1003,1162,1163,1164,
39,48,1165,1166,1167,
20,1168,1169,1170,1171,
38,39,41,48,105,1172,1173,
32,39,
48,251,694,809,1144,1174,1175,1176,1177,1178,1179,1180,
48,766,781,996,1181,1182,1183,
39,48,237,493,676,952,1145,1184,1185,
39,48,192,1186,
28,38,39,41,161,978,1187,1188,1189,1190,
39,48,123,220,475,677,1191,1192,1193,1194,
1190,
39,48,730,987,1195,1196,
39,1197,
65,201,266,341,433,522,694,866,1198,1199,1200,1201,1202,1203,1204,1205,1206,1207,
68,261,628,1208,1209,1210,
32,38,41,110,597,1211,1212,1213,1214,
23,39,48,101,255,604,814,1031,1215,1216,1217,1218,1219,
1220,1221,
187,208,270,1051,1206,1222,1223,1224,1225,1226,1227,1228,
38,39,41,48,357,397,533,661,674,790,993,1067,1082,1155,1229,1230,1231,1232,1233,1234,1235,1236,1237,1238,1239,1240,1241,1242,1243,1244,1245,1246,1247,
32,39,43,48,67,117,132,441,475,550,665,789,1248,1249,1250,1251,
38,170,
39,48,677,775,834,1160,1180,1252,1253,1254,1255,1256,1257,1258,1259,1260,
649,825,1261,1262,1263,1264,1265,
39,1266,1267,
39,41,48,1268,1269,1270,1271,1272,1273,
39,48,60,200,208,676,713,952,1274,1275,1276,
36,38,41,338,340,565,668,1277,1278,1279,1280,1281,1282,1283,1284,
39,48,1153,1154,1285,
48,151,152,189,255,525,938,1012,1286,1287,1288,1289,1290,1291,
39,41,48,
38,39,41,48,110,271,1146,1292,
48,1293,1294,
737,1295,1296,
39,48,393,824,1297,1298,1299,1300,1301,1302,1303,1304,1305,1306,1307,
475,830,1274,1308,
37,38,39,41,48,76,445,558,587,739,973,1309,1310,1311,1312,1313,1314,1315,
39,48,49,98,123,237,285,475,875,1018,1135,1316,1317,1318,1319,1320,1321,1322,1323,1324,1325,1326,1327,1328,
1329,1330,
32,185,691,890,1331,1332,1333,
41,48,123,222,255,1334,1335,1336,1337,1338,1339,1340,1341,1342,1343,
39,48,479,1344,1345,
41,48,123,255,413,425,586,622,727,789,1049,1343,1346,1347,1348,1349,1350,1351,1352,
39,48,1173,1353,
38,110,1180,1354,1355,
39,41,95,101,308,309,374,433,685,741,743,753,860,898,979,998,1079,1080,1153,1154,1269,1356,1357,1358,1359,1360,1361,1362,1363,1364,1365,1366,1367,1368,1369,1370,1371,1372,1373,1374,1375,1376,1377,1378,1379,1380,1381,1382,1383,1384,1385,1386,
39,48,334,740,987,1042,1387,1388,1389,1390,1391,
38,39,170,842,
38,39,48,286,1063,1392,
39,1368,1393,1394,
38,48,170,1395,
39,751,
39,48,729,759,880,1236,1396,1397,1398,1399,1400,1401,1402,
20,58,101,364,399,522,549,824,837,846,1004,1403,1404,1405,1406,1407,1408,
749,1409,
36,38,41,255,264,1410,1411,
39,48,1412,1413,1414,
39,521,622,
67,68,69,604,720,1415,1416,1417,1418,1419,1420,
38,39,41,48,101,170,475,714,856,1318,1421,1422,1423,1424,1425,1426,
39,248,584,1043,1281,1427,1428,1429,1430,1431,1432,
39,48,95,195,208,213,809,1216,1433,1434,1435,
1436,1437,1438,
39,264,464,616,750,973,1439,1440,
62,300,1441