39,41,48,739,824,1442,1443,
39,48,188,1444,1445,1446,
39,45,48,89,334,
301,883,1447,1448,1449,1450,1451,1452,
39,334,1279,
5,200,432,535,581,861,1387,1453,1454,1455,1456,1457,1458,1459,1460,1461,1462,
38,39,290,840,859,1463,1464,
10,39,48,49,1004,1142,1258,1465,1466,1467,1468,1469,1470,
32,39,41,48,301,310,604,719,1082,1277,1471,1472,1473,1474,1475,1476,1477,1478,1479,1480,1481,
36,38,39,270,1129,
39,41,184,204,1387,1465,1482,1483,1484,1485,1486,
1487,
38,39,60,371,1488,
36,38,48,381,1489,1490,
39,41,48,381,1491,
39,48,269,1163,1446,1492,1493,1494,1495,1496,1497,1498,
39,332,1499,1500,1501,
48,
39,41,248,673,1191,1502,
32,136,548,549,1503,
39,302,1166,1191,1330,1504,
39,48,49,1505,1506,1507,1508,
30,39,41,48,593,1235,1509,1510,1511,1512,1513,1514,1515,1516,1517,
38,39,48,49,56,334,740,1402,1518,1519,1520,
1521,
48,1522,1523,1524,
38,48,67,68,76,504,612,789,1525,1526,
39,195,1140,1527,
38,170,1528,1529,
39,48,264,423,1004,1104,1530,
32,39,1531,1532,
717,
39,48,174,441,801,1533,1534,1535,1536,
156,161,310,932,1537,1538,
39,48,714,1307,1436,1530,1539,1540,1541,1542,1543,
9,38,39,48,65,155,170,408,420,479,589,778,824,1062,1267,1342,1433,1544,1545,1546,1547,1548,1549,1550,1551,
1552,
39,
39,48,49,1553,
39,41,331,1554,1555,1556,1557,
39,48,242,
101,289,522,525,758,778,824,1558,1559,1560,
101,378,669,794,824,1561,1562,
32,39,48,141,381,910,1135,1174,1344,1563,1564,1565,1566,1567,
39,793,915,1568,
39,41,94,198,340,548,677,1347,1569,1570,1571,1572,1573,1574,1575,1576,1577,
39,185,261,1291,1578,
32,39,41,48,425,533,592,723,749,1313,1322,1579,1580,1581,1582,1583,1584,1585,1586,1587,1588,1589,
36,38,39,41,89,288,384,479,535,611,966,1590,1591,1592,1593,1594,1595,1596,1597,1598,1599,
38,41,48,170,825,904,1264,1600,1601,1602,1603,1604,1605,1606,1607,1608,
38,39,41,110,170,1609,1610,
48,1611,1612,
38,39,371,1609,1613,1614,
38,48,170,
39,48,246,550,734,930,1146,1615,1616,
39,41,255,259,340,396,535,974,986,1014,1135,1353,1617,1618,1619,1620,1621,1622,1623,1624,1625,1626,1627,
39,41,48,60,155,182,246,535,589,1274,1319,1628,1629,
36,38,39,48,1630,1631,
39,48,49,96,543,639,677,812,924,1004,1144,1414,1593,1629,1632,1633,1634,1635,1636,1637,1638,1639,1640,
1,
39,326,361,665,1484,1641,1642,1643,1644,1645,1646,1647,
39,48,237,1278,1648,
39,41,1649,
727,1650,1651,1652,1653,1654,
38,39,41,48,89,110,495,592,1291,1655,1656,
59,100,161,232,282,314,378,490,492,598,604,1024,1198,1211,1657,1658,1659,1660,1661,1662,1663,1664,1665,1666,1667,1668,1669,
39,48,61,550,598,866,1670,1671,
32,38,39,105,413,824,1363,1672,1673,1674,1675,1676,1677,1678,1679,
39,48,648,1680,1681,1682,1683,1684,1685,1686,
39,41,185,234,1474,1687,1688,1689,1690,1691,1692,
39,297,522,544,1693,1694,1695,1696,1697,1698,1699,
32,36,38,39,740,
38,39,41,48,89,155,161,604,767,790,821,968,1198,1233,1433,1700,
60,101,260,345,418,423,544,640,1113,1121,1616,1701,1702,1703,1704,
39,549,961,1232,1313,1705,1706,
38,41,48,110,501,533,616,653,1105,1251,1557,1707,1708,1709,1710,1711,1712,1713,1714,1715,1716,1717,
39,41,48,276,336,344,570,1130,1207,1465,1601,1718,1719,1720,1721,1722,
32,39,48,299,1011,1723,1724,
117,950,1725,1726,
38,49,681,1232,1343,1727,1728,
39,846,944,1198,
32,48,862,
103,1729,1730,1731,
32,38,1590,
32,38,39,41,170,271,740,1138,1696,1732,
32,41,48,485,542,677,1274,1352,1733,1734,1735,1736,1737,1738,1739,
38,39,41,110,903,978,1740,1741,1742,
36,38,39,41,48,150,248,379,548,570,1214,1642,1743,1744,1745,1746,1747,
161,384,670,
39,41,48,677,1748,1749,1750,
15,99,101,117,180,196,237,310,363,441,550,731,805,976,978,1070,1082,1112,1160,1233,1390,1456,1528,1657,1751,1752,1753,1754,1755,1756,1757,1758,1759,1760,1761,1762,1763,1764,1765,1766,1767,1768,1769,
26,38,39,56,123,276,587,772,947,1517,1770,1771,1772,1773,1774,1775,
39,48,220,592,677,1015,1776,1777,1778,1779,1780,1781,1782,1783,
39,48,179,475,703,727,1631,1699,1770,1775,1784,1785,1786,1787,1788,1789,
38,39,170,1790,1791,1792,1793,
39,48,155,206,535,1764,1794,1795,
39,48,1796,1797,
38,105,1798,
38,371,1799,1800,
39,195,255,789,1002,1528,1690,1758,1801,1802,1803,1804,1805,1806,1807